{
  "primary": {
    "N": 100000,
    "m": 30,
    "phi_m": 8,
    "pi_N": 9592,
    "T_exact": 10.42535446205171,
    "T_ln": 11.512925464970229,
    "R2_exact_T": 0.9556426114224322,
    "R2_ln_T": 0.9344168057160369,
    "R2_zero_diag": -0.2357935801928528,
    "total_transitions": 9588,
    "residues": [
      1,
      7,
      11,
      13,
      17,
      19,
      23,
      29
    ],
    "diagonal_suppression": [
      {
        "residue": 1,
        "predicted": 0.02960035956482786,
        "observed": 0.013468013468013467,
        "ratio": 0.45499492796758495,
        "suppressed": true
      },
      {
        "residue": 7,
        "predicted": 0.023096223568037044,
        "observed": 0.010833333333333334,
        "ratio": 0.46905215051371546,
        "suppressed": true
      },
      {
        "residue": 11,
        "predicted": 0.021379141255359935,
        "observed": 0.017529215358931552,
        "ratio": 0.8199213967276083,
        "suppressed": true
      },
      {
        "residue": 13,
        "predicted": 0.025065972383537236,
        "observed": 0.0199501246882793,
        "ratio": 0.7959046783831172,
        "suppressed": true
      },
      {
        "residue": 17,
        "predicted": 0.023934356141511463,
        "observed": 0.01486374896779521,
        "ratio": 0.6210214672128029,
        "suppressed": true
      },
      {
        "residue": 19,
        "predicted": 0.02954640171421272,
        "observed": 0.01761744966442953,
        "ratio": 0.5962637966827277,
        "suppressed": true
      },
      {
        "residue": 23,
        "predicted": 0.03039327506318461,
        "observed": 0.01669449081803005,
        "ratio": 0.5492823916910519,
        "suppressed": true
      },
      {
        "residue": 29,
        "predicted": 0.02396356477071584,
        "observed": 0.011686143572621035,
        "ratio": 0.48766298689007387,
        "suppressed": true
      }
    ],
    "d0": [
      30.0,
      6.0,
      10.0,
      12.0,
      16.0,
      18.0,
      22.0,
      28.0
    ],
    "B0": [
      0.02960035956482786,
      0.29585412405760875,
      0.20158003704837224,
      0.16639200971868026,
      0.11337109999897622,
      0.09358091926692326,
      0.06376130545056695,
      0.03586014489404453
    ],
    "T_obs": [
      [
        0.013468013468013467,
        0.34595959595959597,
        0.2222222222222222,
        0.15572390572390574,
        0.10437710437710437,
        0.07491582491582492,
        0.05555555555555555,
        0.027777777777777776
      ],
      [
        0.025833333333333333,
        0.010833333333333334,
        0.35,
        0.2425,
        0.16083333333333333,
        0.0975,
        0.0675,
        0.045
      ],
      [
        0.041736227045075125,
        0.02003338898163606,
        0.017529215358931552,
        0.34307178631051755,
        0.25125208681135225,
        0.15358931552587646,
        0.11101836393989983,
        0.06176961602671119
      ],
      [
        0.04821280133000831,
        0.03158769742310889,
        0.02826267664172901,
        0.0199501246882793,
        0.35910224438902744,
        0.23773898586866168,
        0.16043225270157938,
        0.11471321695760599
      ],
      [
        0.11395540875309662,
        0.07184145334434351,
        0.03303055326176713,
        0.027250206440957887,
        0.01486374896779521,
        0.35260115606936415,
        0.2402972749793559,
        0.14616019818331957
      ],
      [
        0.1568791946308725,
        0.08808724832214765,
        0.09228187919463088,
        0.03607382550335571,
        0.02936241610738255,
        0.01761744966442953,
        0.33305369127516776,
        0.24664429530201343
      ],
      [
        0.24373956594323873,
        0.17111853088480802,
        0.10350584307178631,
        0.05843071786310518,
        0.034223706176961605,
        0.02671118530884808,
        0.01669449081803005,
        0.34557595993322204
      ],
      [
        0.34808013355592654,
        0.2637729549248748,
        0.15442404006677796,
        0.12186978297161936,
        0.055926544240400666,
        0.03005008347245409,
        0.014190317195325543,
        0.011686143572621035
      ]
    ],
    "T_pred": [
      [
        0.02960035956482786,
        0.29585412405760875,
        0.20158003704837224,
        0.16639200971868026,
        0.11337109999897622,
        0.09358091926692326,
        0.06376130545056695,
        0.03586014489404453
      ],
      [
        0.041066352911495414,
        0.023096223568037044,
        0.2796640670263059,
        0.2308456077296991,
        0.15728652188585232,
        0.1298304180387067,
        0.0884598805631389,
        0.049750928276764576
      ],
      [
        0.05579117702188229,
        0.03137764632760036,
        0.021379141255359935,
        0.31361801700112674,
        0.21368345527545907,
        0.1763826422870601,
        0.12017821174597533,
        0.06758970908553628
      ],
      [
        0.07924554878576412,
        0.044568674395613524,
        0.03036684063297092,
        0.025065972383537236,
        0.30351506427441804,
        0.25053314933361176,
        0.17070061701989653,
        0.09600413317418777
      ],
      [
        0.11105603815812023,
        0.062459286107250156,
        0.04255659861973982,
        0.035127873150606226,
        0.023934356141511463,
        0.35110134788120556,
        0.23922270118447134,
        0.13454179875709527
      ],
      [
        0.16608869734896764,
        0.09341033264782583,
        0.06364507635588339,
        0.05253512360955194,
        0.03579477621712044,
        0.02954640171421272,
        0.35776701091623647,
        0.20121258119020172
      ],
      [
        0.25075123922752995,
        0.14102559079552993,
        0.09608770507385596,
        0.07931453228505013,
        0.054040910896281755,
        0.04460747156675382,
        0.03039327506318461,
        0.30377927509181385
      ],
      [
        0.35152981936474104,
        0.1977047077050526,
        0.13470598873944328,
        0.1111915669611634,
        0.07576031011531015,
        0.06253550917828204,
        0.04260853316529159,
        0.02396356477071584
      ]
    ]
  }
}